          DATOS DE LOS CANALES
==================================================
Codigo      Fecha        Rating
--------------------------------------------------
X5514       20220619     2.50
S6846       20230221     4.80
G2281       20220106     3.93
E6696       20211202     3.39
T7033       20211119     1.62
A8213       20210907     1.62
N1424       20221228     1.23
F5935       20210504     4.46
L3072       20210615     3.40
A8576       20221223     3.83
T8408       20230815     1.08
L3779       20230722     4.88
R8802       20230502     4.33
R4559       20220623     1.85
A7791       20210206     1.73
M8346       20230521     1.73
S4746       20220912     2.22
H3032       20210717     3.10
A9040       20220602     2.73
C7146       20221115     2.16
L9091       20210123     3.45
L6282       20220111     1.56
C7601       20231021     2.17
D8331       20211111     2.47
T9764       20231028     2.82
T3948       20210305     4.14
Y8760       20220308     1.80
P7271       20230914     3.06
H1291       20210303     3.37
G2582       20220211     1.19
S1310       20220823     3.43
G9798       20230921     1.68
M1509       20231006     1.26
D5578       20220214     4.80
O5486       20211125     4.86
M3519       20230507     4.23
E5929       20211203     2.22
N4419       20231203     1.39
L1579       20210803     3.74
D8455       20210722     2.76
F4264       20220703     1.49
L7011       20230726     2.98
R8400       20231105     1.14
I1429       20220220     4.64
T3388       20230119     2.04
S5697       20231109     3.65
L3977       20231123     2.25
Y6400       20220705     3.08
H8371       20230606     3.19
B5216       20231107     1.74
D5405       20210909     4.88
B7744       20210216     4.10
R3240       20210604     4.76
C8596       20210128     4.58
C7100       20220528     3.39
G6496       20230122     4.69
S1190       20221104     1.35
N4181       20230319     1.78
R8170       20230116     1.18
J3324       20230528     2.30
S7241       20221225     2.55
O4446       20220227     2.09
A6986       20220607     4.31
Q1190       20220728     2.43
T2200       20221222     2.12
D5218       20230117     3.17
S3642       20211019     1.56
N2362       20210425     4.21
F8545       20230610     1.30
L7416       20231023     4.95
V7711       20211213     4.09
F7849       20220728     1.79
P2391       20221013     1.02
S3140       20211109     4.26
S8567       20230608     3.83
D4404       20220515     3.92
M9510       20211015     4.09
R5631       20210116     1.30
S3421       20221206     2.43
M8596       20211226     1.46
T9012       20210123     4.45
D7358       20221010     3.49
G2937       20231212     2.32
S2467       20230804     1.25
Z5539       20210518     2.24
S2804       20220427     2.30
S3053       20220815     3.92
D6138       20211127     3.55
S5888       20231113     4.55
A1911       20221001     2.89
P1205       20231110     1.48
L6570       20230806     3.85
Y3725       20220517     4.04
M9840       20220609     3.25
N4286       20211218     4.08
E6341       20230624     2.98
S1460       20210424     3.09
N1264       20231110     2.71
B5019       20231213     1.10
S1339       20211114     1.43
B5009       20220201     1.13
T1252       20220817     3.55
W4995       20220317     2.26
==================================================
          DATOS DE LAS ETIQUETAS
==================================================
Codigo      Duracion Horas
--------------------------------------------------
803100       0.02
249101       0.04
614102       0.03
914103       0.05
576104       0.04
693105       0.03
888106       0.04
165107       0.05
347108       0.01
175109       0.04
875110       0.04
704111       0.05
424112       0.01
186113       0.03
657114       0.04
115115       0.02
570116       0.03
650117       0.03
629118       0.01
678119       0.05
925120       0.02
833121       0.02
752122       0.04
867123       0.03
255124       0.01
486125       0.02
683126       0.03
199127       0.03
610128       0.05
970129       0.04
312130       0.03
726131       0.05
372132       0.02
501133       0.02
417134       0.02
884135       0.01
714136       0.03
394137       0.05
978138       0.03
939139       0.01
529140       0.02
113141       0.04
929142       0.05
253143       0.01
150144       0.02
254145       0.05
866146       0.02
547147       0.02
927148       0.04
373149       0.03
731150       0.03
866151       0.01
159152       0.02
145153       0.03
410154       0.01
702155       0.03
553156       0.01
312157       0.03
233158       0.03
531159       0.05
867160       0.02
450161       0.05
784162       0.05
461163       0.05
413164       0.05
992165       0.02
401166       0.04
371167       0.03
990168       0.01
323169       0.01
684170       0.04
323171       0.03
103172       0.04
242173       0.04
380174       0.01
914175       0.03
338176       0.03
829177       0.03
785178       0.03
977179       0.05
632180       0.03
994181       0.02
647182       0.02
282183       0.04
738184       0.04
770185       0.03
316186       0.03
360187       0.04
294188       0.05
979189       0.02
125190       0.04
831191       0.01
333192       0.01
139193       0.02
668194       0.01
199195       0.02
111196       0.03
532197       0.04
276198       0.05
396199       0.03
